21;1618565900.683577

21;1618565910.7336159

21;1618565930.833768

21;1618565940.883455

20;1618565950.9337351

20;1618565960.9833438

20;1618565981.0840628

20;1618566001.1834168

20;1618566011.2335944

19;1618566031.3342817

19;1618566041.383715

19;1618566051.4335642

19;1618566061.4839106

19;1618566071.5335035

19;1618566081.5839608

19;1618566091.6338742

18;1618566101.6840484

18;1618566111.734008

18;1618566121.7840853

18;1618566151.934565

18;1618566161.9845653

18;1618566172.0343904

18;1618566182.084006

18;1618566192.1344967

18;1618566202.184066

18;1618566212.2343972

18;1618566222.2840993

17;1618566232.3342552

17;1618566252.434168

17;1618566272.5341702

17;1618566282.5840273

17;1618566302.6843088

17;1618566312.7344174

17;1618566322.7845707

17;1618566332.8333611

16;1618566342.8837175

16;1618566352.933481

16;1618566362.9834085

16;1618566373.033651

16;1618566393.1369302

16;1618566403.1838746

16;1618566413.234071

16;1618566423.284034

16;1618566433.3329546

16;1618566453.430096

16;1618566463.4778805

15;1618566493.6262825

15;1618566503.6782963

15;1618566513.7285962

15;1618566523.7785566

15;1618566533.8283734

15;1618566543.8785262

15;1618566563.9785626

15;1618566574.0284314

15;1618566584.0781994

15;1618566594.1284552

15;1618566604.1783931

15;1618566614.2282732

15;1618566634.3280594

15;1618566644.377932

15;1618566654.4283214

15;1618566674.5274005

14;1618566684.5786574

14;1618566694.6246047

14;1618566704.6732914

14;1618566714.7214966

14;1618566724.7715795

14;1618566734.8183694

14;1618566754.9156697

14;1618566764.9658365

14;1618566775.0156958

14;1618566785.064806

14;1618566795.1158042

14;1618566805.1661088

14;1618566835.315736

14;1618566845.3663452

14;1618566855.4164915

14;1618566875.5164156

14;1618566895.6163735

14;1618566905.6665576

14;1618566935.8158998

14;1618566945.8661213

14;1618566965.9660857

14;1618566986.0636437

13;1618566996.1117249

13;1618567006.160318

13;1618567016.2100031

13;1618567026.2601457

13;1618567036.3099504

13;1618567056.4054286

13;1618567066.4536858

13;1618567076.503534

13;1618567086.5495138

13;1618567096.597681

13;1618567106.6477933

13;1618567116.6972616

13;1618567136.7964303

13;1618567156.8977597

13;1618567166.9474394

13;1618567187.0481117

13;1618567197.0977101

13;1618567207.147644

13;1618567227.2479887

13;1618567237.2977023

13;1618567257.3984025

13;1618567277.4978828

13;1618567287.54811

13;1618567297.598308

13;1618567307.648268

13;1618567327.7476296

13;1618567337.797234

13;1618567357.8968763

13;1618567367.9469128

13;1618567388.0472794

13;1618567408.1471741

13;1618567418.1974263

13;1618567428.2475889

13;1618567438.2974453

13;1618567448.3477411

13;1618567468.4476001

13;1618567478.4979246

13;1618567498.5976303

13;1618567508.647655

13;1618567528.7478263

13;1618567538.7976394

13;1618567548.8477533

13;1618567558.897756

13;1618567568.948201

13;1618567578.9976356

13;1618567589.0479734

13;1618567609.1481018

13;1618567619.198029

13;1618567629.2477355

13;1618567639.2969067

13;1618567649.3474271

13;1618567659.3975968

13;1618567669.4470263

13;1618567679.4967334

13;1618568930.0639353

13;1618568930.0640564

13;1618568930.0641234

13;1618568930.0641835

13;1618568930.0642412

13;1618568930.0642977

13;1618568930.0643537

13;1618568930.0644095

13;1618568930.0644655

13;1618568930.064521

13;1618568930.064577

13;1618568930.0646324

13;1618568930.064688

13;1618568930.064744

13;1618568930.0647993

13;1618568930.0648546

13;1618568930.0649107

13;1618568930.0649657

13;1618568930.0650215

13;1618568930.0650768

13;1618568930.0651317

13;1618568930.0651867

13;1618568930.0652418

13;1618568930.065298

13;1618568930.0653543

13;1618568930.0654094

13;1618568930.0654647

13;1618568930.0655203

13;1618568930.0655766

13;1618568930.0656326

13;1618568930.065688

13;1618568930.065761

13;1618568930.0658197

13;1618568930.0658758

13;1618568930.0659313

13;1618568930.065987

13;1618568930.0660427

13;1618568930.0660977

13;1618568930.066153

13;1618568930.0662076

13;1618568930.066263

13;1618568930.0663185

13;1618568930.066383

13;1618568930.0664387

13;1618568930.0664933

13;1618568930.0665476

13;1618568930.0666025

13;1618568930.0666575

13;1618568930.0667126

13;1618568930.0667672

13;1618568930.0668688

13;1618568930.0669239

13;1618568930.0669785

13;1618568930.067033

13;1618568930.0670877

13;1618568930.0671425

13;1618568930.0671978

13;1618568930.0672529

13;1618568930.0673072

13;1618568930.0673618

13;1618568930.0674157

13;1618568930.0674706

13;1618568930.0675251

13;1618568930.06758

13;1618568930.0676343

13;1618568930.0676892

13;1618568930.0677454

13;1618568930.0678

13;1618568930.0678551

13;1618568930.0679097

13;1618568930.067964

13;1618568930.0680182

13;1618568930.0680728

13;1618568930.0681274

13;1618568930.068182

13;1618568930.0682366

13;1618568930.0683095

13;1618568930.0683742

13;1618568930.0684462

13;1618568930.0685031

13;1618568930.0685585

13;1618568930.0686166

13;1618568930.068672

13;1618568930.0687287

13;1618568930.068794

13;1618568930.068859

13;1618568930.0689163

13;1618568930.0689719

13;1618568930.069069

13;1618568930.0691328

13;1618568930.0691886

13;1618568930.069249

13;1618568930.0693126

13;1618568930.0693738

13;1618568930.0694304

13;1618568930.069485

13;1618568930.06954

13;1618568930.0695946

13;1618568930.069649

13;1618568930.0697038

13;1618568930.0697584

13;1618568930.069813

13;1618568930.069867

13;1618568930.0699213

13;1618568930.0699754

13;1618568930.0700297

13;1618568930.0700846

13;1618568930.0701394

13;1618568935.7049143

13;1618568945.754685

13;1618568955.8045504

13;1618568965.8548248

13;1618568975.9043648

13;1618568985.9547076

13;1618568996.0046787

13;1618569006.0542145

13;1618569016.104981

13;1618569026.1546247

13;1618569036.2050772

13;1618569046.2520478

13;1618569066.3487475

13;1618569076.396843

13;1618569086.4492328

13;1618569096.4965212

13;1618569106.54498

13;1618569116.5929005


13;1618569166.8365283

13;1618569176.8869066

13;1618569186.9369664

13;1618569196.985335

13;1618569207.0358813

13;1618569227.1361623

13;1618569287.4362316

13;1618569297.4865844

13;1618569317.5864182

13;1618569327.6363115

13;1618569337.686357

13;1618569347.736562

13;1618569357.7866895

13;1618569367.836378

13;1618569377.8865051

13;1618569387.9365928

13;1618569397.9836135

13;1618569408.032503

13;1618569418.081008

13;1618569428.13011

13;1618569438.1808834

13;1618569448.230588

13;1618569458.2811427

13;1618569468.3305917

13;1618569478.3806436

13;1618569488.4306867

13;1618569498.48071

13;1618569508.530726

13;1618569518.5807316

13;1618569528.630886

13;1618569538.6804664

13;1618569558.7805855

13;1618569568.829994

13;1618569578.8799953

13;1618569588.929696

13;1618569598.980097

13;1618569609.0301006

13;1618569619.076764

13;1618569629.126127

13;1618569639.1744962

13;1618569649.2275283

13;1618569659.2741191

13;1618569669.3243768

13;1618569679.3740125

13;1618569689.4221687

13;1618569699.4747448

13;1618569709.52439

14;1618569719.5744097

14;1618569729.6241488

14;1618569739.6742795

14;1618569749.724839

14;1618569759.7748868

15;1618569769.8245735

15;1618569779.8744686

15;1618569789.924225

15;1618569799.9747071

16;1618569810.0245059

16;1618569820.0747483

17;1618569830.1244063

17;1618569840.1744535

17;1618569850.224021

18;1618569860.2743173

18;1618569870.3238113

18;1618569880.3734357

18;1618569890.4235187

18;1618569900.4743102

18;1618569910.5235531

18;1618569920.57418

18;1618569930.6239552

19;1618569940.673936

19;1618569950.723947

19;1618569960.7739995

19;1618569970.824237

19;1618569980.874052

19;1618569990.9241042

19;1618570000.9740307

19;1618570011.0241969

20;1618570021.0738134

20;1618570031.1245227

20;1618570041.174184

20;1618570051.2239797

20;1618570061.2731228

20;1618570071.324186

20;1618570081.3743377

20;1618570091.4243515

20;1618570101.474284

20;1618570111.5243413

20;1618570121.5743947

21;1618570131.624412

21;1618570141.674401

21;1618570151.7249455

21;1618570161.774888

21;1618570171.8245132

21;1618570181.874524

21;1618570191.9247062

21;1618570201.9745717

21;1618570212.0242686

21;1618570222.0750382

21;1618570232.124526

22;1618570242.1752048

22;1618570252.2248743

22;1618570262.2746162

22;1618570272.32487

22;1618570282.3751476

22;1618570292.4250565

22;1618570302.4747176

22;1618570312.5247931

22;1618570322.5747247

22;1618570332.6244433

22;1618570342.6746671

22;1618570352.7246208

22;1618570362.774678

22;1618570372.8250084

22;1618570382.874956

23;1618570392.9248383

23;1618570402.9749272

23;1618570413.0248995

23;1618570423.0746698

23;1618570433.1248107

23;1618570443.1751487

23;1618570453.2248952

23;1618570463.274997

23;1618570473.3251927

